subjids = [2:7, 10:13, 16];
localizer_runs = {1:2, 1:2, 1:2, 1:2, 1:2, 1:2, 1, 1, 1, 1, 1};
task_runs = {[3:7, 9:15], 3:14, 3:13, 3:14, 3:10, 3:14, 2:13, 2:13, 2:13, 2:13, 2:13} ; 
